	0.0201697925544		2.67644549595
	0.0605093776632		2.24139032081
	0.100848962772		1.79305403324
	0.141188555358		1.48103168959
	0.181528125896		1.25168645643
	0.221867725959		1.07631605708
	0.262207296114		0.938490672784
	0.302546895026		0.827367052351
	0.342886467098		0.735907565541
	0.38322606601		0.659680395081
	0.423565636166		0.594989590973
	0.463905236995		0.539586817973
	0.50424480715		0.491815450149
	0.544584377306		0.450254763903
	0.584924006891		0.413826381646
	0.625263577047		0.381754210735
	0.665603147202		0.353166881208
	0.705942717358		0.327910729595
	0.746282346943		0.305207780197
	0.786621917098		0.284825852451
	0.826961487254		0.266298336516
	0.867301059326		0.249511495927
	0.907640686995		0.234394464214
	0.947980259067		0.220366592008
	0.988319829223		0.207538883522
	1.02865939938		0.195959493819
	1.06899896953		0.185211425535
	1.10933853969		0.175311925046
	1.14967822679		0.166257014986
	1.19001779886		0.1578573248
	1.23035736902		0.149909092911
	1.27069693917		0.142606258759
	1.31103650933		0.135792987365
	1.35137607948		0.129442712016
	1.39171565155		0.123465180176
	1.43205522171		0.117904402103
	1.47239490881		0.112668410689
	1.51273447896		0.107831509892
	1.55307404912		0.103181383019
	1.59341362119		0.0989265217108
	1.63375319135		0.0948555189838
	1.6740927615		0.0910247741324
	1.71443233166		0.0874493161189
	1.75477190181		0.0840150203919
	1.79511159083		0.0807588761838
	1.83545116098		0.0777223122486
	1.87579073114		0.0748969111784
	1.9161303013		0.0720674263324
	1.9564698772		0.0695094570162
	1.99680944352		0.0669578786081
	2.03714900984		0.0646345727757
	2.07748857617		0.0624082176243
	2.11782816166		0.0603175289541
	2.15816772798		0.0582567735405
	2.1985072943		0.0563148643973
	2.23884686062		0.0545097187054
	2.27918667617		0.0527065165757
	2.31952624249		0.0510807972981
	2.35986580881		0.0494365039092
	2.40020537513		0.0478579488762
	2.44054496062		0.0463599945554
	2.48088452694		0.0449720203978
	2.52122409326		0.0436631781181
	2.56156365959		0.0423309719886
	2.60190322591		0.0410787517881
	2.6422428114		0.0399020351697
	2.68258237772		0.0387474299876
	2.72292194404		0.0376412603462
	2.76326151036		0.0366195512605
	2.80360109585		0.0355858263078
	2.84394066218		0.0345883008524
	2.8842802285		0.0336728448914
	2.92462002487		0.0327485231362
	2.96495961036		0.0318648490068
	3.00529917668		0.0310493991254
	3.04563874301		0.0302104164932
	3.08597830933		0.0294350809838
	3.12631787565		0.0286581097211
	3.16665746114		0.0279279420538
	3.20699702746		0.0272447146468
	3.24733659378		0.0265747252141
	3.2876761601		0.0258995400127
	3.3280157456		0.0252744792586
	3.36835531192		0.0246242386814
	3.40869487824		0.0240814163227
	3.44903444456		0.0235006220486
	3.48937401088		0.0229112466295
	3.52971359637		0.02241270593
	3.57005339275		0.0218636801862
	3.61039295907		0.0213959819822
	3.65073254456		0.0208774761108
	3.69107211088		0.0204236630049
	3.7314116772		0.0199921035814
	3.77175124352		0.0195185169473
	3.81209080984		0.0190854147757
	3.85243039534		0.0186724162665
	3.89276996166		0.0182590590903
	3.93310952798		0.0178795370049
	3.9734490943		0.0174885796695
	4.01378867979		0.0171349339286
	4.05412824611		0.0167433390151
	4.09446781244		0.0164249667368
	4.13480737876		0.0160680646165
	4.17514694508		0.0157469710903
	4.21548653057		0.0154037206946
	4.25582609689		0.0150915281197
	4.29616566321		0.0148056948068
	4.33650522953		0.0145151212051
	4.37684479585		0.0142160603503
	4.41718438135		0.0139389296681
	4.45752394767		0.0136566212654
	4.49786351399		0.0133929828481
	4.53820355959		0.0131231334822
	4.57854312591		0.0128709065811
	4.61888269223		0.012626453407
	4.65922225855		0.0123975609362
	4.69956184404		0.0121745786992
	4.73990141036		0.011930470943
	4.78024097668		0.0116933977238
	4.82058054301		0.0114831050803
	4.8609201285		0.0112667408654
	4.90125969482		0.0110641365595
	4.94159926114		0.0108799716822
	4.98193882746		0.0106730501749
	5.02227839378		0.0104724146776
	5.06261797927		0.0103092510692
	5.1029575456		0.01011423448
	5.14329711192		0.00993435545459
	5.18363667824		0.00977593218703
	5.22397624456		0.00959737766324
	5.26431583005		0.00942882570351
	5.30465539637		0.00928093814946
	5.34499496269		0.00912757116892
	5.38533452902		0.00896169012054
	5.42567411451		0.00882119013703
	5.46601368083		0.00867608835541
	5.50635324715		0.00851376257568
	5.54669281347		0.00838086548811
	5.58703237979		0.00825194023622
	5.62737196528		0.00810817625757
	5.66771153161		0.00797861243649
	5.70805109793		0.00785849794757
	5.74839066425		0.00772280752405
	5.78873024974		0.00761450588703
	5.82907027617		0.00747305942108
	5.86940984249		0.00734735017514
	5.90974942798		0.00724131148919
	5.9500889943		0.00712482148811
	5.99042856062		0.00701037906054
	6.03076812694		0.00690316291811
	6.07110769326		0.00679370698459
	6.11144727876		0.00669417109459
	6.15178684508		0.00659834409081
	6.1921264114		0.00650097053108
	6.23246597772		0.00640721389568
	6.27280556321		0.00630536237081
	6.31314512953		0.00620390221865
	6.35348469585		0.00610585075946
	6.39382426218		0.00602892481946
	6.4341638285		0.00592740348108
	6.47450341399		0.00584928485324
	6.51484298031		0.00575772904378
	6.55518254663		0.00567939456892
	6.59552211295		0.00559524239595
	6.63586169845		0.00551302919486
	6.67620126477		0.00545093290541
	6.71654083109		0.00535582892135
	6.75688039741		0.00528328183838
	6.79721996373		0.00521375957659
	6.83755954922		0.00513493980584
	6.87789911554		0.0050799155893
	6.91823868187		0.00500468236884
	6.95857824819		0.00492473207189
	6.99891783368		0.00484906097095
	7.0392574		0.0047957294583
	7.07959696632		0.00473356391835
	7.11993701192		0.00466581882143
	7.16027657824		0.004606107892
	7.20061614456		0.00455038344538
	7.24095571088		0.00447756688224
	7.2812952772		0.00442458168984
	7.32163486269		0.00435111138354
	7.36197442902		0.00430379826814
	7.40231399534		0.00424226322268
	7.44265356166		0.00418853178273
	7.48299314715		0.00414408173886
	7.52333271347		0.00408286265527
	7.56367227979		0.00402931575984
	7.60401184611		0.00397534640305
	7.64435141244		0.0039227461987
	7.68469099793		0.00387327806095
	7.72503056425		0.0038254494947
	7.76537013057		0.00378150707214
	7.80570969689		0.00373540228278
	7.84604928238		0.00368691167438
	7.8863888487		0.00363849791649
	7.92672841503		0.00359413255789
	7.96706798135		0.00354145549781
	8.00740754767		0.00349552007378
	8.04774713316		0.00346115864068
	8.08808669948		0.00342090263808
	8.1284262658		0.00337391259424
	8.16876583212		0.00333598856892
	8.20910541762		0.003299641484
	8.24944498394		0.0032600318697
	8.28978455026		0.00321424256232
	8.33012411658		0.00317517946665
	8.3704636829		0.00313546951322
	8.41080326839		0.00309760668454
	8.45114283472		0.00306112913684
	8.49148240104		0.00302869192416
	8.53182196736		0.00298539588989
	8.57216153368		0.00296413250089
	8.61250111917		0.00291832018478
	8.65284068549		0.00288975369665
	8.69318025181		0.00285075986711
	8.73351981813		0.00282561816397
	8.77385940363		0.00279208030881
	8.81419896995		0.00276463746668
	8.85453853627		0.00272476597746
	8.89487810259		0.00269553792184
	8.93521766891		0.00266322357714
	8.9755572544		0.00263131722922
	9.01589682073		0.00261616450711
	9.05623732642		0.00257762445708
	9.09657689275		0.00255224411727
	9.13691645907		0.00251543566846
	9.17725604456		0.00249341037805
	9.21759561088		0.00246918452251
	9.2579351772		0.00243952546659
	9.29827474352		0.00241099740632
	9.33861430984		0.00239131974184
	9.37895389534		0.00236535421559
	9.41929346166		0.00233354037727
	9.45963302798		0.00231327752635
	9.4999725943		0.00228255626103
	9.54031217979		0.00226193972978
	9.58065174611		0.00223310377714
	9.62099131244		0.00221089417695
	9.66133087876		0.00218362070014
	9.70167044508		0.0021576938417
	9.74201003057		0.00213791583808
	9.78234959689		0.00211953877451
	9.82268916321		0.00209899886427
	9.86302872953		0.00207731253924
	9.90336831503		0.00204700708981
	9.94370788135		0.00203222346195
	9.98404744767		0.00201560053886
	10.024387014		0.00198951996897
	10.0647265803		0.00197692990086
	10.1050661658		0.00195017198965
	10.1454057321		0.00192848542989
	10.1857452984		0.00191201668773
	10.2260848648		0.00189163855322
	10.2664244311		0.00186862837859
	10.3067640166		0.00184745002957
	10.3471035829		0.00182827227681
	10.3874431492		0.00180076016854
	10.4277827155		0.00180204535032
	10.468122301		0.00177326347941
	10.5084618674		0.00176137364659
	10.5488014337		0.00174402759946
	10.589141		0.00172054799668
	10.6294805663		0.00171612315349
	10.6698201518		0.00169203559027
	10.7101597181		0.00167852955459
	10.7504992845		0.00165947502973
	10.7908388508		0.00163980483486
	10.8311784363		0.00162544473768
	10.8715180026		0.00161156177822
	10.9118575689		0.00159354609932
	10.9521971352		0.00158018629505
	10.9925367016		0.00156837343273
	11.032876287		0.00154470928543
	11.0732158534		0.00152706305027
	11.1135554197		0.00151717404846
	11.153894986		0.00150064375495
	11.1942345715		0.00149084714276
	11.2345741378		0.00147524800122
	11.2749137041		0.00146094933541
	11.3152532705		0.00144314927924
	11.3555928368		0.00143570752786
	11.3959324223		0.00141656061338
	11.4362719886		0.0014063178217
	11.4766115549		0.00138997206749
	11.5169511212		0.00138308443476
	11.5572906876		0.00137351103489
	11.5976302731		0.00136258319232
	11.6379707788		0.00134663001576
	11.6783103451		0.00133126938049
	11.7186499114		0.00132078013303
	11.7589894777		0.00130913651605
	11.7993290632		0.00129915523938
	11.8396686295		0.00128108583346
	11.8800081959		0.00127305142603
	11.9203477622		0.0012642168093
	11.9606873285		0.00125036456814
	12.001026914		0.00124280741841
	12.0413664803		0.00123017880768
	12.0817060466		0.0012189893197
	12.122045613		0.00120162773868
	12.1623851984		0.00119844181986
	12.2027247648		0.00118886059568
	12.2430643311		0.00117333854459
	12.2834038974		0.00116291855805
	12.3237434637		0.00114999746886
	12.3640830492		0.00114550312481
	12.4044226155		0.00113495232078
	12.4447621819		0.0011276876443
	12.4851017482		0.00111870678573
	12.5254413337		0.00110630909689
	12.5657809		0.00109478087827
	12.6061204663		0.00108475346938
	12.6464600326		0.00107811976727
	12.686799599		0.00107441816289
	12.7271391845		0.00105350109935
	12.7674787508		0.00105270859441
	12.8078183171		0.0010394103467
	12.8481578834		0.00103652449595
	12.8884974689		0.00102538886019
	12.9288370352		0.0010182933143
	12.9691766016		0.00100447962097
	13.0095161679		0.00100391779797
	13.0498557342		0.000989603952973
	13.0901953197		0.000978245047514
	13.130534886		0.000972388665946
	13.1708744523		0.000965447128838
	13.2112140187		0.000958174685405
	13.2515536041		0.000947570091757
	13.2918931705		0.000937096263432
	13.3322327368		0.000935849504297
	13.3725723031		0.000926176062622
	13.4129118694		0.000912870167946
	13.4532514549		0.000913585937135
	13.4935910212		0.000907575552
	13.5339305876		0.000899310405243
	13.5742701539		0.000889013526622
	13.6146097202		0.000884527012108
	13.6549493057		0.000871798296973
	13.695288872		0.00086509532873
	13.7356284383		0.000860108547784
	13.7759680047		0.000855052500703
	13.8163075902		0.000846571908568
	13.8566471565		0.000844155371216
	13.8969867228		0.000839130162405
	13.9373262891		0.000828009825811
	13.9776658554		0.000817920797757
	14.0180054409		0.000816350967054
	14.0583450073		0.000811948955243
	14.0986845736		0.000802213842243
	14.1390241399		0.000798212117649
	14.1793637254		0.000788107733054
	14.2197042311		0.000779742544486
	14.2600437974		0.000779619316595
	14.3003833637		0.000772239241757
	14.3407229301		0.000765182243703
	14.3810624964		0.000758733206081
	14.4214020819		0.000751283865108
	14.4617416482		0.000747235883108
	14.5020812145		0.000745681356784
	14.5424207808		0.000740371379081
	14.5827603663		0.000730436182459
	14.6230999326		0.000724549025216
	14.663439499		0.000715775897243
	14.7037790653		0.000716322301108
	14.7441186316		0.000707603145324
	14.7844582171		0.000707895561189
	14.8247977834		0.000697252419703
	14.8651373497		0.000692511854595
	14.9054769161		0.000684446791459
	14.9458165016		0.000681922680081
	14.9861560679		0.000675558265135
	15.0264956342		0.000673311155703
	15.0668352005		0.000668547524486
	15.1071747668		0.000660290024703
	15.1475143523		0.000659027909027
	15.1878539187		0.000653333125838
	15.228193485		0.000644698587514
	15.2685330513		0.000640242791297
	15.3088726176		0.000637095242973
	15.3492122031		0.000633593670054
	15.3895517694		0.000628360605459
	15.4298913358		0.000623142965216
	15.4702309021		0.000619279647703
	15.5105704876		0.000614092783135
	15.5509100539		0.000613846562081
	15.5912496202		0.000606281702784
	15.6315891865		0.000604080730784
	15.6719287528		0.000596523523676
	15.7122692777		0.000594784327649
	15.752608844		0.000589489711703
	15.7929484104		0.000581732420973
	15.8332879767		0.000581455361649
	15.873627543		0.000577145802054
	15.9139671285		0.000571881967
	15.9543066948		0.000567349195081
	15.9946462611		0.000565317525811
	16.0349858275		0.000561692897135
	16.0753253938		0.000558345207811
	16.1156649793		0.000551896290162
	16.1560045456		0.000548525592108
	16.1963441119		0.000545170250595
	16.2366836782		0.000542515201757
	16.2770232637		0.000538982910541
	16.3173628301		0.000533380459595
	16.3577023964		0.000524838196135
	16.3980419627		0.000525630878432
	16.438381529		0.000520651743938
	16.4787211145		0.000519012590765
	16.5190606808		0.000513433208014
	16.5594002472		0.000510839715743
	16.5997398135		0.000506584002105
	16.640079399		0.000503528906519
	16.6804189653		0.000502382193368
	16.7207585316		0.000496156394151
	16.7610980979		0.000496241047081
	16.8014376642		0.00049514823883
	16.8417772497		0.000487568022992
	16.8821168161		0.000481750070332
	16.9224563824		0.000479856928638
	16.9627959487		0.000480187861043
	17.003135515		0.000479141218914
	17.0434751005		0.000468975219851
	17.0838146668		0.000469960277246
	17.1241542332		0.0004656660768
	17.1644937995		0.000460964030319
	17.204833385		0.000457870359249
	17.2451729513		0.000458170484159
	17.2855125176		0.000454268771122
	17.3258520839		0.000450659473427
	17.3661916503		0.000449266599208
	17.4065312358		0.000444133519568
	17.4468708021		0.000442871464922
	17.4872103684		0.000437977014654
	17.5275499347		0.000436714900543
	17.5678895202		0.000433652036446
	17.6082290865		0.000432182130189
	17.6485686528		0.000428280446362
	17.6889082192		0.000423747676008
	17.7292477855		0.000423247467476
	17.769587371		0.000416606083968
	17.8099269373		0.000417714251368
	17.8502665036		0.000412981367659
	17.8906060699		0.000408687226678
	17.9309456554		0.000405131804151
	17.9712852218		0.000404562302359
	18.0116247881		0.000402030453768
	18.0519643544		0.00039852890693
	18.0923039207		0.000395442945427
	18.1326435062		0.000394681039327
	18.1729830725		0.000392064508595
	18.2133226389		0.000391718217562
	18.2536622052		0.000387454794357
	18.2940017907		0.0003830605521
	18.334341357		0.000380297813435
	18.3746809233		0.000380959677724
	18.4150204896		0.000381744592554
	18.455360056		0.000374572193019
	18.4956996415		0.000374156667149
	18.5360392078		0.000370785939884
	18.5763787741		0.000368700394403
	18.6167183404		0.000367138155381
	18.6570579067		0.000362282191922
	18.6973974922		0.000363005611214
	18.7377370585		0.000358803743011
	18.7780766249		0.000356648963214
	18.8184161912		0.000353670722835
	18.8587557767		0.000354093986962
	18.899095343		0.000349299548773
	18.9394349093		0.000344989989178
	18.9797744756		0.000346436768297
	19.020114042		0.000345374767019
	19.0604536275		0.000344389739357
	19.1007931938		0.000339964719859
	19.1411327601		0.000334316073059
	19.1814723264		0.000333862030649
	19.2218119119		0.000335139533641
	19.2621514974		0.000329960317611
	19.3024910829		0.000331130040014
	19.3428306684		0.000325558366308
	19.3831702539		0.000326181743789
	19.4235098394		0.000319563427954
	19.4638492332		0.000319871291643
	19.5041888187		0.000319101677019
	19.5445284041		0.000318201301765
	19.5848679896		0.000312760447632
	19.6252075751		0.000313037504349
	19.6655471606		0.000311490683419
	19.7058867461		0.000308789470024
	19.7462263316		0.000308581707089
	19.7865659171		0.000307496607884
	19.8269055026		0.000303725713897
	19.8672450881		0.000303379422343
	19.9075846736		0.000299554652668
	19.9479242591		0.000299608528357
	19.9882636528		0.000296984317789
	20.0286032383		0.000295329716792
	20.0689428238		0.000295252772908
	20.1092824093		0.000290827723678
	20.1496219948		0.000293405797857
